0.0 0.5293702368705488
100.0 0.006463692072647409
200.0 0.002905887018019339
300.0 0.0018493244147540534
400.0 0.001348462068598528
500.0 0.0010576961654159066
600.0 0.000868298509414256
700.0 0.0007353715555618861
800.0 0.0006370603999061092
900.0 0.0005614714907224627
1000.0 0.0005015860843200194
1100.0 0.00045299865522482386
1200.0 0.0004128061913167507
1300.0 0.00037901901230469575
1400.0 0.0003502283702260125
1500.0 0.00032540920926813063
1600.0 0.00030379808698696926
1700.0 0.00028481486411707584
1800.0 0.00026801090245114507
1900.0 0.0002530338699038382
2000.0 0.00023960326151463592
2100.0 0.00022749301688369117
2200.0 0.00021651894655193518
2300.0 0.0002065294849052858
2400.0 0.00019739878708086982
2500.0 0.00018902150536955165
2600.0 0.00018130878738550357
2700.0 0.00017418517540967435
2800.0 0.00016758617891990548
2900.0 0.00016145635589654643
3000.0 0.00015574778280547295
3100.0 0.00015041882448147163
3200.0 0.00014543313756189852
3300.0 0.00014075885737195013
3400.0 0.00013636793007051177
3500.0 0.00013223556068484504
3600.0 0.000128339754253378
3700.0 0.00012466093227099094
3800.0 0.00012118161041728504
3900.0 0.00011788612645008702
4000.0 0.00011476040939392431
4100.0 0.00011179178289894675
4200.0 0.0001089687970159414
4300.0 0.00010628108371399367
4400.0 0.000103719232325447
4500.0 0.00010127468178600593
4600.0 9.893962708930517e-05
4700.0 9.670693781704756e-05
4800.0 9.457008696644686e-05
4900.0 9.252308858916238e-05
5000.0 9.056044299666606e-05
5100.0 8.867708848204263e-05
5200.0 8.686835867376255e-05
5300.0 8.512994476978558e-05
5400.0 8.345786201322249e-05
